doc/Sample Input Files/RoadDensity.asc
ncols        143
nrows        144
xllcorner    68.510751400000
yllcorner    6.799807200000
cellsize     0.200000000000
NODATA_value nan
[rows 52 to 77 of 144, columns 58 to 115 of 143]
105.8315277099609375 149.4116058349609375 160.8676300048828125 153.240264892578125 120.435638427734375 42.159328460693359375 144.7327117919921875 140.1522369384765625 156.446533203125 111.5112152099609375 115.5500335693359375 118.6624298095703125 237.649749755859375 175.3732757568359375 140.169952392578125 160.811370849609375 159.014923095703125 128.987213134765625 97.602142333984375 91.2606048583984375 93.492095947265625 119.28035736083984375 121.6156768798828125 145.4641265869140625 167.4409027099609375 148.136871337890625 96.78203582763671875 180.9656524658203125 121.36339569091796875 125.02097320556640625 59.427791595458984375 21.352535247802734375 70.8641357421875 183.4020233154296875 94.0068817138671875 114.15579986572265625 111.30681610107421875 67.12935638427734375 98.40572357177734375 117.70410919189453125 191.28253173828125 92.700408935546875 59.642902374267578125 54.90778350830078125 32.824615478515625 0 0 0 0 0 16.627332687377929688 69.7326202392578125 38.136196136474609375 67.11269378662109375 35.839214324951171875 22.175168991088867188 40.36353302001953125 92.55249786376953125
111.53723907470703125 68.671051025390625 98.2270965576171875 97.30989837646484375 123.7119293212890625 53.550304412841796875 117.965850830078125 173.6205596923828125 99.00760650634765625 98.79497528076171875 86.3897247314453125 126.970062255859375 114.63979339599609375 65.9874420166015625 73.01297760009765625 64.90175628662109375 0 44.64325714111328125 89.81244659423828125 105.0828399658203125 165.6229248046875 97.0224151611328125 92.936920166015625 161.4203033447265625 211.3578033447265625 165.149078369140625 128.3511199951171875 122.57913970947265625 76.67800140380859375 59.782680511474609375 130.5810394287109375 37.951847076416015625 53.416744232177734375 83.71453857421875 79.32769775390625 97.7313385009765625 43.460601806640625 89.25127410888671875 155.148406982421875 157.0928802490234375 127.0819549560546875 7.6676168441772460938 0 0 0 0 0 0 0 0 0 0 0 0 0 0 0 0
110.71979522705078125 64.48748016357421875 90.00432586669921875 115.408477783203125 161.155487060546875 172.3507537841796875 151.874725341796875 179.8918609619140625 204.8543548583984375 186.4983673095703125 97.86363983154296875 125.02333831787109375 56.62093353271484375 86.46440887451171875 120.1884765625 99.86846923828125 162.55914306640625 51.246364593505859375 0.78100872039794921875 73.8917694091796875 135.378387451171875 185.482330322265625 155.765380859375 82.78017425537109375 218.045257568359375 181.5967559814453125 89.3793487548828125 65.6299896240234375 74.07756805419921875 86.414520263671875 49.581401824951171875 102.73876190185546875 90.58405303955078125 67.13492584228515625 59.24715423583984375 79.21524810791015625 68.73786163330078125 66.12134552001953125 152.9033966064453125 252.93121337890625 8.187541961669921875 0 0 0 0 0 0 0 0 0 0 0 0 0 0 0 0 0
111.83336639404296875 98.7534942626953125 109.595367431640625 229.332855224609375 157.75506591796875 283.563262939453125 245.3018798828125 181.1359100341796875 165.434722900390625 155.2173614501953125 160.2833251953125 145.476715087890625 130.2445526123046875 77.9468231201171875 171.407684326171875 63.46045684814453125 197.377838134765625 97.1936798095703125 126.4146270751953125 87.15346527099609375 120.35469818115234375 86.3038177490234375 79.158782958984375 182.76214599609375 163.1272430419921875 81.45893096923828125 44.060947418212890625 139.205963134765625 93.6432342529296875 156.9113311767578125 98.525421142578125 95.34499359130859375 219.7982330322265625 135.2179107666015625 146.255126953125 109.13727569580078125 26.314626693725585938 132.77630615234375 106.13727569580078125 192.0677642822265625 36.98244476318359375 48.34653472900390625 0 0 0 0 0 0 0 0 0 0 0 0 0 0 0 0
81.51981353759765625 115.95998382568359375 79.8059539794921875 172.513336181640625 128.168365478515625 125.00276947021484375 180.289306640625 139.0174407958984375 154.701812744140625 99.85193634033203125 94.70545196533203125 132.3837890625 178.3736114501953125 67.3538665771484375 87.3286895751953125 88.38333892822265625 181.43560791015625 68.58123779296875 123.98952484130859375 64.916046142578125 101.34958648681640625 61.891658782958984375 84.399139404296875 80.6398162841796875 32.521999359130859375 143.0546722412109375 190.6955413818359375 106.075042724609375 45.61791229248046875 117.26776885986328125 107.49327850341796875 73.35338592529296875 160.803497314453125 98.46875762939453125 152.9957427978515625 169.971435546875 122.82234954833984375 52.34740447998046875 84.50518035888671875 145.41583251953125 90.6696624755859375 59.143947601318359375 111.81609344482421875 59.8525238037109375 3.3991100788116455078 0 0 0 0 0 0 0 0 0 0 0 0 0
116.77442169189453125 61.4086151123046875 74.6348724365234375 118.17325592041015625 37.25215911865234375 43.688289642333984375 95.0823516845703125 57.39298248291015625 94.531494140625 95.86438751220703125 125.62700653076171875 132.3560333251953125 183.2979736328125 42.71321868896484375 73.6439666748046875 204.482574462890625 113.73203277587890625 82.452178955078125 137.542388916015625 190.447021484375 124.9438323974609375 83.77806854248046875 33.409534454345703125 114.2687530517578125 113.26775360107421875 88.5978546142578125 135.219329833984375 146.889801025390625 174.7634429931640625 150.34222412109375 142.3424530029296875 85.0747833251953125 132.62493896484375 87.51432037353515625 95.57707977294921875 72.21184539794921875 72.237030029296875 54.3231353759765625 179.3367767333984375 66.37090301513671875 149.520660400390625 92.45020294189453125 116.33959197998046875 2.6094286441802978516 0 0 0 0 0 0 0 0 0 0 0 3.1464266777038574219 80.1377410888671875 115.49459075927734375
79.3195343017578125 179.7326507568359375 100.012176513671875 94.5724334716796875 76.3395538330078125 95.08404541015625 68.595611572265625 34.84838104248046875 65.723419189453125 29.00598907470703125 24.678091049194335938 56.42743682861328125 95.18801116943359375 57.881870269775390625 54.24314117431640625 80.898040771484375 87.580108642578125 152.9207763671875 78.96783447265625 85.03205108642578125 106.62551116943359375 34.427654266357421875 74.84140777587890625 145.1643829345703125 149.3875732421875 103.11533355712890625 174.46893310546875 58.266437530517578125 115.35161590576171875 118.0828857421875 136.871490478515625 249.151214599609375 118.6403045654296875 168.109588623046875 117.98549652099609375 114.13897705078125 136.803192138671875 147.8916778564453125 118.5485992431640625 126.78485870361328125 88.798126220703125 84.9442138671875 232.795562744140625 7.8582463264465332031 0 0 0 0 0 0 0 0 0 0 0 182.795501708984375 126.56247711181640625 88.88759613037109375
105.89240264892578125 101.0157012939453125 101.5677032470703125 84.900909423828125 56.78173065185546875 87.6764984130859375 99.1966705322265625 84.28798675537109375 79.5828094482421875 20.527618408203125 2.8537921905517578125 28.823268890380859375 11.597624778747558594 17.613574981689453125 0 25.60379791259765625 31.046937942504882813 51.72644805908203125 99.75555419921875 28.008119583129882813 52.28728485107421875 71.11327362060546875 90.025543212890625 104.647735595703125 163.884613037109375 179.6778717041015625 178.476226806640625 142.3460235595703125 135.73590087890625 193.3765411376953125 306.6614990234375 290.858856201171875 167.9751129150390625 208.1267852783203125 291.61639404296875 186.915069580078125 106.8520660400390625 164.00775146484375 107.87722015380859375 136.31976318359375 140.7802581787109375 101.54156494140625 36.30451202392578125 0 0 0 0 0 0 0 0 0 0 0 0 172.54302978515625 163.8027191162109375 34.21025848388671875
148.393646240234375 88.58325958251953125 66.21907806396484375 87.73749542236328125 34.193561553955078125 47.890392303466796875 99.87722015380859375 80.28389739990234375 74.291473388671875 67.94365692138671875 15.873860359191894531 16.043966293334960938 15.58615875244140625 40.29877471923828125 29.1243896484375 73.8964385986328125 63.699504852294921875 48.0873565673828125 52.880527496337890625 31.883678436279296875 62.223606109619140625 28.47681427001953125 53.614292144775390625 119.69403839111328125 102.5131683349609375 253.3467559814453125 219.170257568359375 217.644134521484375 107.45085906982421875 13.255946159362792969 86.457427978515625 132.3632049560546875 267.322235107421875 212.2192535400390625 151.9062957763671875 214.338623046875 270.964813232421875 177.5078125 133.9774017333984375 153.7938079833984375 184.0767364501953125 209.2030029296875 75.69582366943359375 39.2144012451171875 0 0 0 0 0 0 0 0 0 0 0 145.63494873046875 126.00531005859375 49.575214385986328125
132.8889312744140625 99.43133544921875 55.315380096435546875 65.27285003662109375 110.9027862548828125 30.486202239990234375 145.2887420654296875 170.8995513916015625 115.26984405517578125 81.4120941162109375 80.17180633544921875 93.1530609130859375 148.6958465576171875 156.66650390625 102.03540802001953125 45.731719970703125 56.254642486572265625 26.605243682861328125 80.76513671875 57.98248291015625 60.06946563720703125 21.775636672973632813 56.86437225341796875 91.35024261474609375 117.58820343017578125 271.2537841796875 282.917083740234375 101.21416473388671875 122.40691375732421875 86.33953857421875 59.567661285400390625 177.2506256103515625 203.6023712158203125 139.680267333984375 174.4985809326171875 79.7621307373046875 90.56713104248046875 89.53849029541015625 224.76483154296875 191.886871337890625 220.390960693359375 264.863739013671875 248.7141876220703125 80.3543701171875 3.0337107181549072266 0 0 0 0 0 0 0 0 0 0 95.3196563720703125 136.760528564453125 80.542144775390625
70.81578826904296875 124.0952911376953125 147.3299560546875 45.236705780029296875 23.53041839599609375 18.448516845703125 100.1381683349609375 186.525634765625 95.3487548828125 165.377899169921875 112.0118865966796875 83.48931884765625 84.56934356689453125 105.58191680908203125 69.77013397216796875 146.1389007568359375 71.46814727783203125 2.2877233028411865234 31.178163528442382813 41.440334320068359375 78.801300048828125 20.304002761840820313 97.0940093994140625 75.65131378173828125 143.8019866943359375 146.475067138671875 115.8618927001953125 103.89438629150390625 76.96845245361328125 37.73154449462890625 113.205291748046875 138.593963623046875 148.6312103271484375 104.16420745849609375 101.05640411376953125 154.3370361328125 138.543701171875 77.09991455078125 146.2954559326171875 257.85992431640625 237.521514892578125 230.70654296875 223.0756378173828125 232.5830230712890625 14.951906204223632813 0 0 0 0 0 0 0 0 0 0 6.6289911270141601563 116.31761932373046875 131.4009857177734375
78.50092315673828125 88.705718994140625 58.2698516845703125 99.06548309326171875 153.809112548828125 107.1927490234375 101.8233642578125 110.1979827880859375 59.02098846435546875 164.7479248046875 52.967437744140625 61.8182373046875 23.835767745971679688 50.331298828125 37.732746124267578125 65.30133819580078125 42.831501007080078125 128.27557373046875 50.95641326904296875 52.37300872802734375 107.681488037109375 102.9870147705078125 40.228145599365234375 72.4460906982421875 60.056636810302734375 64.7516937255859375 49.17620086669921875 61.183101654052734375 67.80113983154296875 146.2110595703125 204.01251220703125 125.3605194091796875 56.227428436279296875 89.15335845947265625 97.7920074462890625 79.77158355712890625 96.2194976806640625 106.78347015380859375 152.701568603515625 224.2193450927734375 303.555267333984375 483.641815185546875 375.989959716796875 195.5360107421875 46.0873260498046875 0 0 0 0 0 0 0 0 0 0 0 2.8656547069549560547 39.630443572998046875
94.50616455078125 128.4984893798828125 85.47875213623046875 128.074462890625 97.01540374755859375 30.781984329223632813 83.06424713134765625 37.55896759033203125 134.6461181640625 143.97222900390625 65.04457855224609375 40.64981842041015625 54.910320281982421875 37.28813934326171875 3.3927333354949951172 28.220470428466796875 118.60646820068359375 104.39537811279296875 64.315765380859375 65.69977569580078125 28.21389007568359375 31.289714813232421875 77.231597900390625 108.4046630859375 48.202884674072265625 0.3296317756175994873 32.0257110595703125 81.70214080810546875 189.6209869384765625 159.83209228515625 182.251708984375 152.776031494140625 109.8836517333984375 56.1143798828125 79.65050506591796875 53.0055084228515625 129.602874755859375 63.50040435791015625 108.88854217529296875 154.526611328125 412.765472412109375 872.9281005859375 244.5453338623046875 207.471343994140625 24.326290130615234375 0 0 0 0 0 0 0 0 0 0 0 0 0
224.3486175537109375 138.8618316650390625 63.450603485107421875 55.811534881591796875 34.256649017333984375 10.41024017333984375 44.300624847412109375 0 40.82610321044921875 45.444580078125 7.3843812942504882813 63.554134368896484375 132.2612152099609375 60.184413909912109375 35.32410430908203125 87.96134185791015625 97.413665771484375 127.7342376708984375 144.074554443359375 103.7780914306640625 50.722621917724609375 90.2784271240234375 88.47039031982421875 91.1065826416015625 43.87654876708984375 64.92278289794921875 69.569427490234375 36.9649810791015625 178.728790283203125 64.4615325927734375 122.3285064697265625 108.9427032470703125 144.58160400390625 113.72530364990234375 106.33766937255859375 75.2390594482421875 113.907989501953125 106.93280792236328125 178.6118927001953125 304.252960205078125 365.78497314453125 1080.00634765625 208.7347259521484375 100.44480133056640625 80.24787139892578125 0 0 0 0 0 0 0 0 0 0 0 0 0
114.7714385986328125 50.551486968994140625 11.083560943603515625 84.11278533935546875 26.62068939208984375 14.845074653625488281 45.8094024658203125 35.56534576416015625 48.8429718017578125 103.994171142578125 146.848907470703125 78.47872161865234375 157.07086181640625 151.846771240234375 87.57483673095703125 28.324899673461914063 71.04775238037109375 85.01131439208984375 106.9957733154296875 136.535980224609375 59.576274871826171875 122.2884979248046875 94.87744903564453125 212.9230499267578125 41.999340057373046875 81.31949615478515625 45.52686309814453125 48.611972808837890625 126.9493560791015625 64.2666473388671875 116.62397003173828125 68.010009765625 88.15252685546875 151.375732421875 102.833770751953125 165.1977691650390625 192.2147216796875 99.31356048583984375 191.84136962890625 129.9151611328125 163.217041015625 197.674041748046875 112.619720458984375 72.90599822998046875 34.33154296875 0 0 0 0 0 0 0 0 0 0 0 0 0
72.0301055908203125 71.45146942138671875 112.21306610107421875 53.02318572998046875 31.13513946533203125 108.41967010498046875 53.84515380859375 104.2390289306640625 51.02716064453125 135.2664642333984375 430.533538818359375 87.01233673095703125 144.74761962890625 127.90265655517578125 105.86882781982421875 88.2734527587890625 125.26276397705078125 106.96105194091796875 78.43578338623046875 150.2213287353515625 91.69646453857421875 153.2002105712890625 9.8176031112670898438 67.29473876953125 24.643316268920898438 17.754940032958984375 142.728240966796875 133.771942138671875 102.06304931640625 35.327678680419921875 26.250743865966796875 61.8483123779296875 105.0100860595703125 39.131908416748046875 40.979457855224609375 97.00809478759765625 171.9269866943359375 72.8809051513671875 147.4132537841796875 280.837310791015625 105.379058837890625 171.9753265380859375 113.89208984375 11.674393653869628906 0 0 0 0 0 0 0 0 0 0 0 0 0 0
89.533599853515625 69.84625244140625 72.30743408203125 79.5996856689453125 13.735255241394042969 70.988983154296875 47.887203216552734375 91.131378173828125 97.6430511474609375 214.83148193359375 162.7023773193359375 125.1251983642578125 179.170196533203125 116.72588348388671875 122.20600128173828125 116.13889312744140625 260.44671630859375 61.49620819091796875 74.3332672119140625 180.989593505859375 59.02506256103515625 44.9360504150390625 0 75.62517547607421875 96.2036285400390625 75.25000762939453125 37.9547882080078125 134.4145965576171875 132.0467681884765625 75.56119537353515625 36.862880706787109375 39.34378814697265625 51.981231689453125 197.1251983642578125 59.618129730224609375 97.8708343505859375 60.176910400390625 125.87847137451171875 137.5986785888671875 56.49674224853515625 86.43619537353515625 105.44634246826171875 1.2408095598220825195 0 0 0 0 0 0 0 0 0 0 0 0 0 0 0
176.5351409912109375 89.425933837890625 15.347391128540039063 37.01831817626953125 40.52086639404296875 77.148529052734375 95.75943756103515625 70.78153228759765625 107.93450164794921875 93.39638519287109375 132.7161865234375 123.17350006103515625 178.2086181640625 155.0856475830078125 120.520477294921875 76.13568878173828125 212.3661956787109375 58.19104766845703125 61.399768829345703125 111.07331085205078125 192.334075927734375 102.22203826904296875 24.917284011840820313 69.67089080810546875 83.4509429931640625 8.5906772613525390625 33.992710113525390625 170.583740234375 149.2099151611328125 65.19268035888671875 4.0284018516540527344 10.733043670654296875 97.3132781982421875 110.68897247314453125 62.231731414794921875 104.524871826171875 52.8036651611328125 134.097564697265625 48.182567596435546875 21.660305023193359375 40.81195831298828125 14.410103797912597656 0 0 0 0 0 0 0 0 0 0 0 0 0 0 0 0
270.12451171875 241.5048065185546875 76.41414642333984375 18.04804229736328125 167.946502685546875 115.96938323974609375 89.9247589111328125 107.66286468505859375 102.722930908203125 68.5371246337890625 61.32581329345703125 30.152496337890625 76.9617919921875 105.69775390625 47.57697296142578125 70.02254486083984375 99.23363494873046875 51.38753509521484375 91.266021728515625 229.666656494140625 155.087066650390625 67.5502777099609375 82.722320556640625 97.80963897705078125 48.48548126220703125 36.666896820068359375 55.29349517822265625 44.061801910400390625 80.8019256591796875 0 46.809230804443359375 65.36199188232421875 94.792633056640625 122.31710052490234375 132.8472137451171875 10.005005836486816406 0 0 0 0 6.1165876388549804688 0 0 0 0 0 0 0 0 0 0 0 0 0 0 0 0 0
215.38763427734375 234.2310638427734375 153.850738525390625 46.61425018310546875 80.91942596435546875 196.2339019775390625 277.55902099609375 553.4014892578125 211.812744140625 119.91454315185546875 113.78580474853515625 78.72589874267578125 143.1021728515625 189.9416046142578125 124.4143524169921875 119.06893157958984375 217.0618133544921875 170.95367431640625 127.01801300048828125 96.77091217041015625 86.24906158447265625 52.484958648681640625 126.76496124267578125 78.105865478515625 39.329219818115234375 36.91490936279296875 0 0 34.4378814697265625 81.6185455322265625 33.51146697998046875 37.041004180908203125 84.16402435302734375 111.90322113037109375 0 0 0 0 0 0 0 0 0 0 0 0 0 0 0 0 0 0 0 0 0 0 0 0
138.1719512939453125 230.352447509765625 135.3665313720703125 136.69232177734375 238.452392578125 246.0078582763671875 228.025390625 170.030731201171875 312.704132080078125 183.39990234375 79.8506622314453125 150.971038818359375 55.75644683837890625 153.27593994140625 128.99774169921875 112.25716400146484375 84.0013885498046875 98.280120849609375 113.06363677978515625 32.695896148681640625 33.124237060546875 82.85604095458984375 3.7412078380584716797 123.3863372802734375 152.213592529296875 78.16036224365234375 0 0 48.089839935302734375 73.1908111572265625 73.3782196044921875 116.24138641357421875 134.26708984375 65.03887939453125 0 0 0 0 0 0 0 0 0 0 0 0 0 0 0 0 0 0 0 0 0 0 0 0
58.916835784912109375 73.5890655517578125 263.706878662109375 169.7540435791015625 158.8851470947265625 129.1108245849609375 165.808868408203125 187.2032318115234375 152.194549560546875 115.62300872802734375 48.579387664794921875 103.65883636474609375 101.69081878662109375 103.4488372802734375 98.62256622314453125 102.35680389404296875 118.0000457763671875 137.535552978515625 156.1416015625 153.9498138427734375 68.9722137451171875 134.9332275390625 149.5636138916015625 119.3706512451171875 150.3231964111328125 171.062255859375 75.0877685546875 92.521331787109375 101.2621307373046875 131.8443450927734375 206.2612457275390625 181.51043701171875 57.927337646484375 95.59868621826171875 18.394765853881835938 0 0 0 0 0 0 0 0 0 0 0 0 0 0 0 0 0 0 0 0 0 0 0
203.8373260498046875 81.5555877685546875 239.1271820068359375 153.41900634765625 87.961456298828125 117.9986114501953125 152.966766357421875 131.3392181396484375 56.516017913818359375 48.12044525146484375 45.019306182861328125 0 59.7117462158203125 80.046966552734375 156.219146728515625 171.8181915283203125 185.28363037109375 140.6289520263671875 124.69361114501953125 86.14968109130859375 35.78171539306640625 48.731670379638671875 47.46656036376953125 56.6083526611328125 68.54486846923828125 117.42395782470703125 76.7548675537109375 82.3892364501953125 57.941371917724609375 96.94561767578125 163.4337615966796875 114.38277435302734375 120.1295013427734375 74.62520599365234375 6.7436823844909667969 0 0 0 0 0 0 0 0 0 0 0 0 0 0 0 0 0 0 0 0 0 0 0
176.2083282470703125 74.89825439453125 47.951080322265625 105.0672454833984375 119.1142730712890625 109.394683837890625 233.0737762451171875 156.605743408203125 111.1793670654296875 12.160303115844726563 21.625162124633789063 0 45.2844085693359375 58.39385986328125 178.3076019287109375 99.56011199951171875 179.764404296875 106.4518585205078125 6.6305289268493652344 30.980224609375 61.970867156982421875 82.05040740966796875 41.237323760986328125 6.2715001106262207031 53.7437896728515625 76.2141571044921875 68.88239288330078125 128.745941162109375 350.27239990234375 202.9693450927734375 152.484588623046875 233.22943115234375 177.92755126953125 39.192852020263671875 0 0 0 0 0 0 0 0 0 0 0 0 0 0 0 0 0 0 0 0 0 0 0 0
176.0930328369140625 64.69222259521484375 71.86177825927734375 41.005451202392578125 205.1446990966796875 187.4782867431640625 242.78936767578125 212.227264404296875 173.936279296875 112.96143341064453125 35.696750640869140625 0 56.378093719482421875 97.95424652099609375 155.977386474609375 128.389617919921875 110.3204345703125 32.58837890625 40.844669342041015625 22.927106857299804688 67.98119354248046875 27.1325836181640625 5.239978790283203125 51.814334869384765625 55.312168121337890625 85.71422576904296875 40.9322052001953125 61.48221588134765625 667.57879638671875 222.69879150390625 169.6075592041015625 150.7665252685546875 207.0099945068359375 0.29557886719703674316 0 0 0 0 0 0 0 0 0 0 0 0 0 0 0 0 0 0 0 0 0 0 0 0
82.39371490478515625 49.660984039306640625 178.563201904296875 54.328907012939453125 71.18283843994140625 61.826885223388671875 65.9867095947265625 74.6938323974609375 260.949432373046875 252.345458984375 99.70496368408203125 32.897891998291015625 134.8306427001953125 85.33412933349609375 109.3484649658203125 128.10791015625 62.79540252685546875 34.3439178466796875 33.85152435302734375 69.8412933349609375 43.2642669677734375 53.101093292236328125 54.50904083251953125 11.245290756225585938 54.50335693359375 62.260005950927734375 107.48812103271484375 232.0307769775390625 244.9870147705078125 206.3876953125 157.1873321533203125 54.569950103759765625 0 0 0 0 0 0 0 0 0 0 0 0 0 0 0 0 0 0 0 0 0 0 0 0 0 0
