doc/Sample Input Files/RoadDensity.asc
ncols        143
nrows        144
xllcorner    68.510751400000
yllcorner    6.799807200000
cellsize     0.200000000000
NODATA_value nan
[rows 78 to 103 of 144, columns 0 to 57 of 143]
0 0 0 0 0 0 0 0 0 0 0 0 0 0 0 0 0 0 0 0 25.354448318481445313 104.40399932861328125 173.69677734375 185.372528076171875 211.2629852294921875 211.8710174560546875 546.321044921875 335.596649169921875 276.155120849609375 321.219482421875 238.6015777587890625 265.7703857421875 198.0628662109375 340.37579345703125 498.448455810546875 285.046142578125 328.41644287109375 291.261932373046875 193.1075592041015625 153.0251922607421875 156.688446044921875 161.5726776123046875 125.246124267578125 90.01251220703125 118.779083251953125 132.3816070556640625 159.4195709228515625 140.27166748046875 171.040283203125 189.5425872802734375 212.358917236328125 142.1855926513671875 134.98309326171875 306.675506591796875 189.9575042724609375 163.6837158203125 218.795501708984375 154.0261383056640625
0 0 0 0 0 0 0 0 0 0 0 0 0 0 0 0 0 0 0 0 12.659214973449707031 197.1808624267578125 272.792236328125 151.5909423828125 144.841461181640625 197.861541748046875 219.6224822998046875 300.83160400390625 347.2767333984375 274.117919921875 232.3190765380859375 222.9398345947265625 151.0511627197265625 126.577423095703125 232.2652435302734375 238.640960693359375 184.379638671875 262.171600341796875 224.654510498046875 125.07076263427734375 119.2865142822265625 116.94803619384765625 68.1578216552734375 91.8271331787109375 88.664886474609375 98.8521881103515625 129.1462554931640625 92.42659759521484375 86.0849456787109375 256.395111083984375 221.60345458984375 193.695526123046875 121.85588836669921875 174.40728759765625 157.31787109375 122.6310882568359375 170.72540283203125 104.46509552001953125
0 0 0 0 0 0 0 0 0 0 0 0 0 0 0 0 0 0 0 0 0 396.279693603515625 229.64111328125 242.1223602294921875 149.8690948486328125 134.5155487060546875 271.766265869140625 265.595123291015625 270.762451171875 238.413726806640625 214.093475341796875 185.07275390625 204.04400634765625 53.00640106201171875 110.760345458984375 121.76866912841796875 156.339599609375 194.14361572265625 122.4806365966796875 92.62746429443359375 133.0407867431640625 131.091949462890625 84.179718017578125 94.48874664306640625 119.1341705322265625 114.5793304443359375 129.2588348388671875 120.506195068359375 145.747650146484375 95.0635223388671875 123.19152069091796875 177.3902587890625 135.5359344482421875 176.76336669921875 90.87982940673828125 135.6668243408203125 114.30791473388671875 148.669525146484375
0 0 0 0 0 0 0 0 0 0 0 0 0 0 0 0 0 0 0 0 0 480.882904052734375 535.109130859375 514.146240234375 167.7642364501953125 164.3675384521484375 218.601318359375 271.276123046875 188.1116485595703125 100.6091461181640625 85.3672332763671875 209.7459259033203125 143.8167877197265625 209.8987274169921875 194.022796630859375 152.2811126708984375 183.530059814453125 122.32262420654296875 95.9497528076171875 94.6947479248046875 179.40771484375 210.5595550537109375 162.4305572509765625 192.7918853759765625 236.5352325439453125 118.71660614013671875 167.9429473876953125 175.52667236328125 99.62950897216796875 121.3531951904296875 63.261627197265625 37.4033050537109375 59.748081207275390625 107.17543792724609375 115.17523956298828125 115.4154205322265625 74.215484619140625 59.601963043212890625
0 0 0 0 0 0 0 0 0 0 0 0 0 0 0 0 0 0 0 0 0 1029.5584716796875 1165.6375732421875 355.72552490234375 219.4626617431640625 148.1563720703125 249.1677703857421875 427.952850341796875 212.7186431884765625 154.3711395263671875 240.2694091796875 324.66851806640625 129.81103515625 193.7303619384765625 175.9331817626953125 147.0496368408203125 195.5956878662109375 104.84938812255859375 118.254913330078125 123.26656341552734375 185.6586151123046875 117.74212646484375 190.8057861328125 235.1982421875 298.112518310546875 160.5252838134765625 149.82403564453125 211.6045379638671875 224.230926513671875 252.563568115234375 92.326263427734375 56.43515777587890625 92.94174957275390625 21.466695785522460938 119.28260040283203125 130.497894287109375 85.52364349365234375 19.102914810180664063
0 0 0 0 0 0 0 0 0 0 0 0 0 0 0 0 0 0 0 0 0 297.537078857421875 515.3258056640625 344.939300537109375 160.9957733154296875 197.2760162353515625 280.601043701171875 275.987823486328125 317.7506103515625 286.50250244140625 183.9407958984375 210.0274658203125 151.2087860107421875 191.74285888671875 171.476806640625 171.5366668701171875 235.285888671875 172.825653076171875 126.744964599609375 184.2640228271484375 172.5566253662109375 90.46167755126953125 77.22510528564453125 145.708221435546875 176.8180694580078125 193.7429962158203125 179.8089447021484375 147.2647857666015625 111.59479522705078125 202.516693115234375 193.70196533203125 207.835784912109375 202.0023956298828125 117.83988189697265625 96.4043121337890625 84.35080718994140625 99.32234954833984375 144.27093505859375
0 0 0 0 0 0 0 0 0 0 0 0 0 0 0 0 0 0 0 0 0 73.8110198974609375 193.1002655029296875 107.6589202880859375 274.70513916015625 327.1806640625 893.27545166015625 303.7060546875 419.37713623046875 233.32904052734375 275.083160400390625 158.7413787841796875 188.967376708984375 204.573486328125 156.2255401611328125 179.581024169921875 219.6619873046875 153.697723388671875 227.2510528564453125 245.576416015625 197.84564208984375 197.6958770751953125 147.471435546875 197.3810272216796875 198.222137451171875 164.8830108642578125 185.553558349609375 265.536956787109375 294.84356689453125 173.2714691162109375 107.86009979248046875 150.7563934326171875 288.2603759765625 130.7524261474609375 184.8612213134765625 147.2430572509765625 111.77130889892578125 90.24658203125
0 0 0 0 0 0 0 0 0 0 0 0 0 0 0 0 0 0 0 0 0 13.094777107238769531 154.1648406982421875 247.4925537109375 169.0182952880859375 233.3796539306640625 1056.824462890625 503.718231201171875 329.126434326171875 343.703125 289.8446044921875 151.9859619140625 154.7513275146484375 193.712982177734375 154.8410491943359375 129.0356903076171875 158.7687835693359375 224.446533203125 261.727081298828125 229.58428955078125 299.037139892578125 253.9018096923828125 255.56695556640625 259.964630126953125 312.75982666015625 395.999725341796875 252.0183258056640625 109.16440582275390625 227.126739501953125 151.394287109375 64.7823638916015625 158.3253936767578125 199.8734893798828125 191.631103515625 158.7371368408203125 62.52593994140625 83.29553985595703125 94.20272064208984375
0 0 0 0 0 0 0 0 0 0 0 0 0 0 0 0 0 0 0 0 0 0 158.14794921875 169.8809661865234375 134.811370849609375 183.490020751953125 257.44622802734375 286.359649658203125 310.702362060546875 243.735321044921875 256.6807861328125 231.7066192626953125 153.7138519287109375 247.2299041748046875 182.4384765625 276.054901123046875 316.417724609375 224.4196929931640625 212.3744659423828125 231.3242645263671875 283.73516845703125 256.9412841796875 316.472412109375 446.390411376953125 403.8575439453125 315.205902099609375 191.00347900390625 161.430816650390625 207.7596893310546875 291.5142822265625 156.4240264892578125 118.49237060546875 171.7494964599609375 240.8755950927734375 236.6300201416015625 100.07817840576171875 124.36472320556640625 72.87972259521484375
0 0 0 0 0 0 0 0 0 0 0 0 0 0 0 0 0 0 0 0 0 0 161.8368988037109375 221.4407501220703125 161.9611053466796875 183.039825439453125 208.022430419921875 284.324371337890625 282.38580322265625 328.055938720703125 325.5897216796875 265.40850830078125 319.4395751953125 210.5474395751953125 204.860565185546875 258.530120849609375 228.8818511962890625 323.372283935546875 236.4504852294921875 164.019012451171875 195.7959136962890625 216.87420654296875 420.430572509765625 289.46337890625 288.838409423828125 214.759368896484375 212.6875457763671875 112.00971221923828125 157.9556121826171875 233.321746826171875 275.2069091796875 301.293365478515625 253.4830780029296875 180.9526824951171875 225.2606964111328125 252.247894287109375 215.77532958984375 56.23264312744140625
0 0 0 0 0 0 0 0 0 0 0 0 0 0 0 0 0 0 0 0 0 0 106.03467559814453125 222.8540191650390625 202.342071533203125 152.39508056640625 210.7413177490234375 275.361053466796875 193.5963287353515625 240.557342529296875 205.5539703369140625 289.366241455078125 371.272552490234375 303.99700927734375 248.62335205078125 291.17547607421875 180.6230316162109375 225.8718719482421875 227.115631103515625 241.176239013671875 263.1746826171875 375.13568115234375 380.1636962890625 317.478790283203125 293.744415283203125 357.569671630859375 120.22621917724609375 136.632659912109375 133.019287109375 235.77215576171875 342.113250732421875 232.40509033203125 123.34320831298828125 173.1010284423828125 298.76507568359375 329.93450927734375 226.9727020263671875 157.7585601806640625
0 0 0 0 0 0 0 0 0 0 0 0 0 0 0 0 0 0 0 0 0 0 1.3586961030960083008 220.524932861328125 184.6244659423828125 78.1533203125 163.92431640625 367.4063720703125 200.4199981689453125 244.5896148681640625 215.033111572265625 191.11090087890625 239.4224395751953125 269.7884521484375 233.9085845947265625 212.6606292724609375 347.86480712890625 347.44488525390625 210.0815277099609375 262.25579833984375 365.21783447265625 289.54742431640625 278.871917724609375 317.99664306640625 325.76385498046875 193.4006805419921875 211.865081787109375 270.19427490234375 184.3693084716796875 321.185150146484375 354.707061767578125 186.17510986328125 230.4089508056640625 260.148834228515625 261.851806640625 270.932342529296875 170.01025390625 133.90826416015625
0 0 0 0 0 0 0 0 0 0 0 0 0 0 0 0 0 0 0 0 0 0 0 118.53531646728515625 229.3257598876953125 142.333984375 115.9499664306640625 270.724365234375 211.1948699951171875 222.034393310546875 198.5530548095703125 177.6034698486328125 214.0649566650390625 318.591705322265625 244.65185546875 273.78753662109375 303.461212158203125 237.5172119140625 286.553375244140625 323.03106689453125 238.993621826171875 193.5695037841796875 193.864044189453125 174.943023681640625 202.987030029296875 152.174072265625 204.8958740234375 215.309600830078125 480.191986083984375 1268.3282470703125 694.545654296875 335.74853515625 234.560882568359375 178.7447509765625 160.72711181640625 216.35205078125 186.344482421875 167.64080810546875
0 0 0 0 0 0 0 0 0 0 0 0 0 0 0 0 0 0 0 0 0 0 0 123.67012786865234375 222.9418487548828125 152.1210174560546875 68.6814117431640625 203.036590576171875 281.897918701171875 242.478485107421875 191.546783447265625 204.7670745849609375 218.15087890625 187.6162109375 200.90582275390625 295.72637939453125 314.122406005859375 325.742218017578125 367.968292236328125 308.673553466796875 239.4278106689453125 429.289337158203125 239.9479217529296875 212.863922119140625 196.2428741455078125 188.6280975341796875 200.6425628662109375 216.34869384765625 274.817657470703125 951.526611328125 608.5401611328125 282.557586669921875 266.5516357421875 201.155914306640625 197.581268310546875 230.4329071044921875 203.4574737548828125 197.370269775390625
0 0 0 0 0 0 0 0 0 0 0 0 0 0 0 0 0 0 0 0 0 0 0 85.07053375244140625 216.09967041015625 215.172119140625 62.454345703125 306.708587646484375 377.777557373046875 351.021820068359375 237.8997802734375 234.843719482421875 145.187774658203125 185.58355712890625 194.5297698974609375 290.549407958984375 246.92938232421875 202.011993408203125 231.6655731201171875 229.3275299072265625 187.9047088623046875 187.7447357177734375 231.9427032470703125 208.30584716796875 246.3336639404296875 159.2083587646484375 155.624725341796875 124.195465087890625 296.901885986328125 236.5255889892578125 228.6764068603515625 181.5383758544921875 211.95166015625 322.4156494140625 210.0675811767578125 274.851837158203125 312.528900146484375 191.6910858154296875
0 0 0 0 0 0 0 0 0 0 0 0 0 0 0 0 0 0 0 0 0 0 0 42.42348480224609375 272.91650390625 163.8266143798828125 121.81316375732421875 286.52972412109375 420.659759521484375 339.478851318359375 386.35394287109375 317.166412353515625 468.41650390625 370.34368896484375 203.5251617431640625 286.143341064453125 357.246917724609375 218.173431396484375 217.2402496337890625 161.7238006591796875 215.2111053466796875 217.895843505859375 256.057586669921875 243.65838623046875 289.293670654296875 269.228057861328125 190.72674560546875 190.9281768798828125 237.3989105224609375 227.600250244140625 222.2617950439453125 212.6551513671875 212.0366668701171875 193.05194091796875 170.2367095947265625 185.76690673828125 234.8572540283203125 270.179901123046875
0 0 0 0 0 0 0 0 0 0 0 0 0 0 0 0 0 0 0 0 0 0 0 0.050772484391927719116 229.7147979736328125 225.8464813232421875 103.51522064208984375 224.2010345458984375 565.05487060546875 427.637603759765625 490.487457275390625 341.32073974609375 323.29736328125 319.408111572265625 223.915008544921875 170.156890869140625 199.0460052490234375 174.703704833984375 185.1471405029296875 209.8795928955078125 253.2319183349609375 252.899261474609375 277.85028076171875 296.459991455078125 253.6905059814453125 174.93426513671875 190.7991180419921875 251.66436767578125 179.0881805419921875 191.744354248046875 195.0831451416015625 204.387725830078125 133.4709320068359375 103.67440032958984375 112.90212249755859375 208.976654052734375 155.92889404296875 95.66973876953125
0 0 0 0 0 0 0 0 0 0 0 0 0 0 0 0 0 0 0 0 0 0 0 0 202.606903076171875 277.206787109375 132.997161865234375 277.33843994140625 421.27471923828125 586.898681640625 425.946258544921875 285.240631103515625 376.14501953125 304.0125732421875 225.566314697265625 230.891021728515625 282.344818115234375 255.5101318359375 214.6379241943359375 197.5650177001953125 236.6234893798828125 252.978424072265625 236.315582275390625 218.2952117919921875 182.4577178955078125 209.0864410400390625 140.581451416015625 187.774200439453125 204.2690582275390625 148.3975067138671875 147.2799072265625 118.197509765625 115.09405517578125 19.465707778930664063 185.3094329833984375 157.6581878662109375 228.8409881591796875 198.926177978515625
0 0 0 0 0 0 0 0 0 0 0 0 0 0 0 0 0 0 0 0 0 0 0 0 187.0107269287109375 273.61962890625 193.118621826171875 77.25875091552734375 312.293609619140625 652.39739990234375 413.217132568359375 303.634002685546875 345.719268798828125 325.6571044921875 223.0785064697265625 255.149322509765625 141.356170654296875 312.749725341796875 222.3845977783203125 202.5234527587890625 220.8223114013671875 241.7811126708984375 244.13739013671875 184.8332672119140625 293.74517822265625 158.8178253173828125 115.1236114501953125 195.897430419921875 183.9626007080078125 211.616973876953125 95.5011444091796875 87.20320892333984375 28.020898818969726563 21.564876556396484375 46.34304046630859375 103.85175323486328125 118.24573516845703125 273.091278076171875
0 0 0 0 0 0 0 0 0 0 0 0 0 0 0 0 0 0 0 0 0 0 0 0 72.29444122314453125 319.279296875 143.057220458984375 113.39887237548828125 237.6863555908203125 484.07061767578125 339.680206298828125 243.4439544677734375 209.017181396484375 204.3602294921875 249.4797821044921875 400.622772216796875 257.702606201171875 287.94232177734375 189.304595947265625 252.1553192138671875 210.6147918701171875 230.1533050537109375 261.708709716796875 191.4571685791015625 275.1778564453125 141.3675384521484375 120.6401214599609375 133.597564697265625 108.7975006103515625 91.45209503173828125 0 42.83734893798828125 15.740845680236816406 54.124359130859375 124.93994140625 137.6324920654296875 234.402801513671875 265.159149169921875
0 0 0 0 0 0 0 0 0 0 0 0 0 0 0 0 0 0 0 0 0 0 0 0 6.376239776611328125 212.3925018310546875 229.8182525634765625 112.07324981689453125 204.95013427734375 627.37945556640625 347.877593994140625 290.978851318359375 217.0352783203125 161.6795196533203125 246.7216644287109375 246.55963134765625 279.54925537109375 263.95477294921875 268.561065673828125 209.9121856689453125 256.32000732421875 249.878204345703125 225.481781005859375 223.719573974609375 251.3062591552734375 161.888275146484375 116.9449462890625 278.189453125 129.4635772705078125 91.0706329345703125 95.2704620361328125 42.803966522216796875 57.672298431396484375 92.1614837646484375 190.49505615234375 115.816925048828125 180.6482696533203125 312.93084716796875
0 0 0 0 0 0 0 0 0 0 0 0 0 0 0 0 0 0 0 0 0 0 0 0 0 36.197467803955078125 371.062744140625 222.4838714599609375 140.881927490234375 284.2108154296875 395.178863525390625 322.13555908203125 218.6010894775390625 214.515777587890625 226.1723175048828125 207.5801849365234375 251.809967041015625 334.67718505859375 362.746368408203125 306.93475341796875 217.0084381103515625 254.1236114501953125 219.3532257080078125 245.365142822265625 211.88299560546875 133.783660888671875 153.7577667236328125 255.45849609375 140.064208984375 148.734893798828125 82.13694000244140625 40.11995697021484375 103.61740875244140625 231.605865478515625 128.0413818359375 168.531585693359375 162.59051513671875 234.2877349853515625
0 0 0 0 0 0 0 0 0 0 0 0 0 0 0 0 0 0 0 0 0 0 0 0 0 0 455.2032470703125 397.6658935546875 185.03631591796875 157.209564208984375 185.36834716796875 338.064697265625 423.55535888671875 211.62823486328125 269.228485107421875 358.363433837890625 205.171478271484375 211.7842864990234375 344.066680908203125 287.246612548828125 273.50970458984375 236.783538818359375 158.888092041015625 129.9065704345703125 135.8285369873046875 117.072357177734375 142.5626678466796875 119.052032470703125 142.519378662109375 256.5640869140625 153.1463623046875 65.5467529296875 148.848052978515625 119.21897125244140625 125.54938507080078125 94.56647491455078125 203.2674713134765625 310.346221923828125
0 0 0 0 0 0 0 0 0 0 0 0 0 0 0 0 0 0 0 0 0 0 0 0 0 0 81.0730438232421875 462.952789306640625 155.8798980712890625 138.4216461181640625 172.4260711669921875 291.60284423828125 386.610504150390625 526.0224609375 305.218109130859375 346.244537353515625 204.9060211181640625 194.139129638671875 247.101226806640625 313.46551513671875 190.153289794921875 212.973724365234375 204.6210784912109375 104.35988616943359375 95.4673614501953125 130.126983642578125 182.2489471435546875 72.68328094482421875 154.0543975830078125 256.53887939453125 105.858306884765625 66.1499786376953125 141.78826904296875 82.30645751953125 119.7205963134765625 148.5509796142578125 177.1756134033203125 187.8875579833984375
0 0 0 0 0 0 0 0 0 0 0 0 0 0 0 0 0 0 0 0 0 0 0 0 0 0 0 186.3844451904296875 111.4268035888671875 136.0391082763671875 88.70906829833984375 164.7758636474609375 295.188690185546875 332.9122314453125 291.085693359375 271.85662841796875 237.8423004150390625 215.4726104736328125 277.406646728515625 187.95526123046875 186.1739959716796875 259.04949951171875 275.90057373046875 121.57503509521484375 164.4083404541015625 222.22088623046875 149.768646240234375 136.7512969970703125 151.8428802490234375 216.994171142578125 150.4262237548828125 42.43975830078125 147.9581146240234375 85.6546630859375 166.5486297607421875 96.39947509765625 168.5606231689453125 145.5035400390625
0 0 0 0 0 0 0 0 0 0 0 0 0 0 0 0 0 0 0 0 0 0 0 0 0 0 0 81.55741119384765625 213.111724853515625 98.67990875244140625 146.9234619140625 164.701385498046875 228.001617431640625 424.095550537109375 382.485687255859375 282.232513427734375 270.19293212890625 246.9071197509765625 290.087646484375 255.22576904296875 157.1478729248046875 233.211456298828125 172.983062744140625 161.0653839111328125 137.6156463623046875 208.0582427978515625 208.073028564453125 234.2440948486328125 154.6400146484375 256.34832763671875 261.54620361328125 80.68936920166015625 200.6151275634765625 79.1140289306640625 116.64205169677734375 151.44549560546875 137.538543701171875 146.0628814697265625
